range
	Invalid Ids

874324-1096487
	874874
	875875
	876876
	877877
	878787
	878878
	879879
	880880
	881881
	882882
	883883
	884884
	885885
	886886
	887887
	888888
	889889
	890890
	891891
	892892
	893893
	894894
	895895
	896896
	897897
	898898
	898989
	899899
	900900
	901901
	902902
	903903
	904904
	905905
	906906
	907907
	908908
	909090
	909909
	910910
	911911
	912912
	913913
	914914
	915915
	916916
	917917
	918918
	919191
	919919
	920920
	921921
	922922
	923923
	924924
	925925
	926926
	927927
	928928
	929292
	929929
	930930
	931931
	932932
	933933
	934934
	935935
	936936
	937937
	938938
	939393
	939939
	940940
	941941
	942942
	943943
	944944
	945945
	946946
	947947
	948948
	949494
	949949
	950950
	951951
	952952
	953953
	954954
	955955
	956956
	957957
	958958
	959595
	959959
	960960
	961961
	962962
	963963
	964964
	965965
	966966
	967967
	968968
	969696
	969969
	970970
	971971
	972972
	973973
	974974
	975975
	976976
	977977
	978978
	979797
	979979
	980980
	981981
	982982
	983983
	984984
	985985
	986986
	987987
	988988
	989898
	989989
	990990
	991991
	992992
	993993
	994994
	995995
	996996
	997997
	998998
	999999

6106748-6273465

1751-4283
	1818
	1919
	2020
	2121
	2222
	2323
	2424
	2525
	2626
	2727
	2828
	2929
	3030
	3131
	3232
	3333
	3434
	3535
	3636
	3737
	3838
	3939
	4040
	4141
	4242

294380-348021
	295295
	296296
	297297
	298298
	299299
	300300
	301301
	302302
	303030
	303303
	304304
	305305
	306306
	307307
	308308
	309309
	310310
	311311
	312312
	313131
	313313
	314314
	315315
	316316
	317317
	318318
	319319
	320320
	321321
	322322
	323232
	323323
	324324
	325325
	326326
	327327
	328328
	329329
	330330
	331331
	332332
	333333
	334334
	335335
	336336
	337337
	338338
	339339
	340340
	341341
	342342
	343343
	343434
	344344
	345345
	346346
	347347

5217788-5252660

828815656-828846474
	828828828

66486-157652
	66666
	77777
	88888
	99999
	100100
	101010
	101101
	102102
	103103
	104104
	105105
	106106
	107107
	108108
	109109
	110110
	111111
	112112
	113113
	114114
	115115
	116116
	117117
	118118
	119119
	120120
	121121
	121212
	122122
	123123
	124124
	125125
	126126
	127127
	128128
	129129
	130130
	131131
	131313
	132132
	133133
	134134
	135135
	136136
	137137
	138138
	139139
	140140
	141141
	141414
	142142
	143143
	144144
	145145
	146146
	147147
	148148
	149149
	150150
	151151
	151515
	152152
	153153
	154154
	155155
	156156
	157157

477-1035
	555
	666
	777
	888
	999
	1010

20185-55252
	22222
	33333
	44444

17-47
	22
	33
	44

375278481-375470130
	375375375

141-453
	222
	333
	444

33680490-33821359
	33683368
	33693369
	33703370
	33713371
	33723372
	33733373
	33743374
	33753375
	33763376
	33773377
	33783378
	33793379
	33803380
	33813381

88845663-88931344
	88848884
	88858885
	88868886
	88878887
	88888888
	88898889
	88908890
	88918891
	88928892

621298-752726
	621621
	622622
	623623
	624624
	625625
	626262
	626626
	627627
	628628
	629629
	630630
	631631
	632632
	633633
	634634
	635635
	636363
	636636
	637637
	638638
	639639
	640640
	641641
	642642
	643643
	644644
	645645
	646464
	646646
	647647
	648648
	649649
	650650
	651651
	652652
	653653
	654654
	655655
	656565
	656656
	657657
	658658
	659659
	660660
	661661
	662662
	663663
	664664
	665665
	666666
	667667
	668668
	669669
	670670
	671671
	672672
	673673
	674674
	675675
	676676
	676767
	677677
	678678
	679679
	680680
	681681
	682682
	683683
	684684
	685685
	686686
	686868
	687687
	688688
	689689
	690690
	691691
	692692
	693693
	694694
	695695
	696696
	696969
	697697
	698698
	699699
	700700
	701701
	702702
	703703
	704704
	705705
	706706
	707070
	707707
	708708
	709709
	710710
	711711
	712712
	713713
	714714
	715715
	716716
	717171
	717717
	718718
	719719
	720720
	721721
	722722
	723723
	724724
	725725
	726726
	727272
	727727
	728728
	729729
	730730
	731731
	732732
	733733
	734734
	735735
	736736
	737373
	737737
	738738
	739739
	740740
	741741
	742742
	743743
	744744
	745745
	746746
	747474
	747747
	748748
	749749
	750750
	751751

21764551-21780350
	21772177

58537958-58673847
	58545854
	58555855
	58565856
	58575857
	58585858
	58595859
	58605860
	58615861
	58625862
	58635863
	58645864
	58655865
	58665866

9983248-10042949
	9999999
	10001000
	10011001
	10021002
	10031003
	10041004

4457-9048
	4545
	4646
	4747
	4848
	4949
	5050
	5151
	5252
	5353
	5454
	5555
	5656
	5757
	5858
	5959
	6060
	6161
	6262
	6363
	6464
	6565
	6666
	6767
	6868
	6969
	7070
	7171
	7272
	7373
	7474
	7575
	7676
	7777
	7878
	7979
	8080
	8181
	8282
	8383
	8484
	8585
	8686
	8787
	8888
	8989

9292891448-9292952618
	9292892928
	9292929292

4382577-4494092
	4444444

199525-259728
	200200
	201201
	202020
	202202
	203203
	204204
	205205
	206206
	207207
	208208
	209209
	210210
	211211
	212121
	212212
	213213
	214214
	215215
	216216
	217217
	218218
	219219
	220220
	221221
	222222
	223223
	224224
	225225
	226226
	227227
	228228
	229229
	230230
	231231
	232232
	232323
	233233
	234234
	235235
	236236
	237237
	238238
	239239
	240240
	241241
	242242
	242424
	243243
	244244
	245245
	246246
	247247
	248248
	249249
	250250
	251251
	252252
	252525
	253253
	254254
	255255
	256256
	257257
	258258
	259259

9934981035-9935011120
	9934999349

6738255458-6738272752
	6738267382

8275916-8338174

1-15
	11

68-128
	77
	88
	99
	111

7366340343-7366538971
	7366373663
	7366473664

82803431-82838224
	82808280
	82818281
	82828282

72410788-72501583

	72417241
	72427242
	72437243
	72447244
	72457245
	72467246
	72477247
	72487248
	72497249

